eval_loss=0.015079981290675866
eval_acc =0.9967320261437909

